13476
13279
13263
13276
13377
13287
13560
13341
13393
13293
13157
13270
13209
13412
13267
12967
13205
13059
12955
12732
12769
13185
13055
13192
12926
12992
12527
13085
12839
12631
13199
12407
11971
12607
12417
12217
12535
12005
12107
11801
11891
11162
11181
11348
11114
10769
11088
11154
10913
10730
10412
11198
10233
10213
10068
10238
10122
10182
10111
10090
10079
12121
10211
7823
7716
8071
7566
8142
7969
7809
7913
7810
8881
8664
8291
7553
8386
8616
8084
8816
7992
7844
8992
9345
8853
9272
8085
8047
8508
8017
9263
8063
8465
7833
8464
9458
9268
9755
9657
8758
9207
8872
8315
9932
8519
8962
9651
9556
9226
8905
9738
9417
7792
9397
9672
8701
9156
9037
8651
1527
1385
1975
1528
650
1863
2022
1218
1341
1160
1887
1352
788
521
6699
6445
5713
6061
6951
5870
5996
5719
5571
5964
5672
6077
5757
5726
3938
3967
4063
4002
4058
4286
4149
4297
4864
4323
4103
4123
4952
4631
4314
4094
4329
4955
4389
5372
5266
4898
5461
5362
5081
5282
5343
4956
5457
5403
5103
5472
5500
5484
2410
2302
2509
2626
2260
2428
2359
2317
2443
3051
2256
3231
2806
3207
2216
3088
3327
3863
1598
1597
5509
7612
7497
7505
13438
271
430
797
1325
1762
1507
1910
2001
2017
2045
2239
2193
2716
2913
2973
3335
3887
4085
4557
5727
7605
7608
7619
7622
6947
7659
7735
7753
7805
13516
13554
13577
13318
13591
13327
7475
7508
7518
7549
7555
7568
7570
7577
13363
13217
13429
13456
13501