0
23
24
38
42
67
79
197
210
213
293
306
368
373
401
412
432
442
455
469
632
645
666
706
839
891
1030
1035
1111
1147
1168
1197
1303
1315
1334
1338
1388
1402
1447
1456
1472
1555
1601
1625
1630
1651
1693
1694
1699
1709
1738
1758
1780
1782
1791
1798
1838
1844
1861
1866
1895
1896
1904
1914
1919
1922
1923
1935
1961
1969
1972
1983
1984
1985
1990
1999
2007
2008
2009
2011
2013
2016
2018
2019
2021
2023
2024
2025
2027
2028
2029
2031
2032
2035
2038
2039
2040
2044
2047
2048
2049
2050
2064
2068
2074
2076
2077
2080
2082
2083
2087
2089
2095
2108
2114
2119
2124
2138
2160
2161
2174
2179
2191
2192
2196
2201
2208
2219
2226
2235
2262
2295
2306
2308
2332
2334
2338
2339
2345
2349
2355
2363
2375
2395
2438
2448
2454
2476
2513
2526
2536
2538
2542
2544
2546
2557
2581
2582
2590
2591
2595
2610
2619
2620
2621
2646
2659
2676
2696
2781
2783
2804
2813
2822
2828
2840
2845
2857
2873
2885
2893
2945
2969
2991
2996
3028
3035
3039
3059
3063
3065
3072
3083
3093
3104
3106
3111
3117
3122
3158
3166
3172
3184
3246
3254
3256
3261
3266
3270
3299
3307
3314
3330
3331
3338
3348
3871
3872
3873
3874
3875
3876
3878
3879
3882
3883
3885
3886
3888
3889
3891
3892
3894
3896
3898
3900
3902
3904
3910
3912
3917
3921
3926
3927
3930
3931
3932
3933
3935
3936
3937
3939
3943
3947
3951
3962
3965
3969
3971
3976
3982
3990
3991
3992
3995
3999
4003
4009
4023
4024
4028
4042
4055
4073
4078
4114
4132
4137
4139
4142
4147
4148
4192
4198
4199
4238
4245
4253
4269
4270
4275
4300
4320
4340
4357
4394
4422
4461
4462
4471
4477
4497
4505
4551
4575
4583
4608
4620
4649
4653
4658
4662
4830
4882
4889
4905
4917
4932
4996
5058
5119
5123
5127
5151
5158
5245
5262
5270
5429
5452
5495
5498
5499
5502
5504
5505
5506
5510
5511
5515
5516
5518
5519
5523
5525
5527
5540
5556
5566
5573
5604
5606
5616
5626
5627
5641
5644
5646
5650
5664
5686
5692
5705
5716
5731
5774
5810
5819
5823
5856
5876
5925
5929
5946
6035
6128
6215
6259
6330
6399
6418
6427
6459
6491
6521
6624
6654
6822
6837
6954
6967
6982
6983
7013
7063
7076
7129
7133
7146
7211
7244
7266
7283
7288
7307
7311
7331
7332
7337
7347
7359
7374
7386
7399
7400
7407
7408
7411
7414
7415
7417
7422
7423
7426
7428
7429
7430
7431
7432
7433
7434
7435
7436
7437
7438
7439
7440
7441
7442
7443
7444
7445
7446
7447
7448
7449
7450
7451
7452
7453
7454
7456
7457
7458
7459
7460
7462
7463
7465
7466
7468
7469
7470
7471
7472
7473
7474
7476
7478
7479
7480
7481
7482
7483
7484
7485
7486
7488
7490
7491
7492
7493
7494
7495
7496
7499
7500
7502
7506
7507
7509
7510
7512
7513
7515
7517
7519
7520
7521
7522
7524
7527
7528
7529
7530
7531
7533
7535
7536
7537
7538
7539
7541
7544
7545
7546
7548
7551
7552
7554
7557
7560
7562
7564
7565
7572
7574
7575
7576
7578
7580
7581
7582
7588
7589
7593
7595
7596
7597
7598
7601
7602
7607
7609
7610
7611
7615
7617
7631
7632
7634
7635
7637
7642
7643
7646
7648
7651
7657
7660
7662
7663
7665
7667
7669
7671
7677
7681
7687
7688
7690
7695
7698
7700
7701
7703
7711
7714
7724
7728
7729
7731
7732
7734
7737
7745
7748
7750
7758
7760
7765
7767
7770
7771
7772
7775
7779
7784
7789
7802
7816
7830
7850
7854
7862
7866
7867
7882
7889
7890
7908
7911
7917
7926
7931
7957
7978
7979
7990
7997
8028
8049
8056
8070
8077
8117
8122
8134
8154
8177
8184
8195
8230
8237
8280
8311
8452
8486
8490
8587
8604
8691
8699
8810
8833
8871
8886
8923
9008
9043
9045
9052
9141
9242
9254
9307
9369
9433
9492
9526
9529
9531
9569
9601
9604
9660
9686
9695
9727
9795
9830
9831
9865
9876
9890
9898
9904
9907
9957
9971
9972
9976
9990
10009
10012
10016
10021
10037
10039
10045
10049
10051
10058
10060
10062
10063
10064
11128
11454
11473
11564
11601
12318
12415
12469
12505
12514
12570
12649
12655
12659
12665
12758
12771
12775
12778
12795
12826
12848
12873
12875
12911
12925
12933
12938
12940
12943
12945
12948
12969
12970
12983
13026
13032
13033
13046
13072
13075
13089
13113
13116
13156
13158
13160
13165
13172
13179
13186
13187
13196
13215
13220
13229
13245
13246
13248
13253
13261
13264
13265
13269
13271
13274
13281
13301
13302
13305
13306
13308
13309
13312
13321
13322
13323
13332
13334
13342
13346
13351
13352
13357
13362
13378
13379
13384
13386
13389
13390
13409
13411
13415
13417
13422
13423
13424
13426
13430
13435
13439
13441
13445
13447
13448
13449
13450
13451
13453
13460
13464
13465
13466
13467
13469
13472
13474
13477
13479
13480
13481
13485
13486
13488
13489
13490
13493
13494
13498
13500
13502
13503
13505
13507
13508
13509
13512
13513
13514
13515
13517
13518
13519
13520
13521
13522
13523
13524
13525
13528
13529
13530
13531
13533
13535
13536
13537
13538
13540
13541
13542
13544
13545
13546
13547
13548
13549
13550
13551
13552
13553
13555
13556
13558
13559
13562
13564
13565
13566
13568
13569
13570
13571
13573
13574
13575
13576
13578
13579
13582
13583
13584
13585
13586
13587
13588
13589
13590
13592
13593
13594
13595
13596
13597
13598
13599
13600
13601
13602
13603
13604
13605
13607
13608
13609
13610