12989
13437
13356
13063
13510
13420
13027
13290
13399
13231
13288
13476
13279
12744
13391
13354
13506
13034
13184
12658
13416
13228
13040
13371
13263
13143
13131
13557
13237
13496
13283
13282
13366
12942
13377
13400
13394
12927
13028
13144
12825
13287
13241
13431
12936
13227
13013
12860
13177
13002
13243
13341
13393
13293
12844
12846
13347
13270
13048
12976
12954
12867
13262
12701
12907
13211
13222
13064
13198
12984
12601
13383
13141
12964
13114
13189
13173
13159
13018
13052
12524
12818
12671
13294
12810
13021
12470
12754
12595
12903
12980
12710
12371
12667
12956
13014
12563
13053
12059
12504
12887
12734
12784
13122
13145
13098
12361
12679
13457
13275
12534
12196
12396
13039
12843
13103
12718
11505
12946
12027
12449
12930
12401
12926
12131
12284
12814
12452
12612
12159
12716
11306
12515
12285
12686
12118
12384
12695
10470
11813
12241
12782
12120
12186
13199
12276
12407
12625
11537
12136
12065
12265
12567
12085
11885
12552
12237
12721
11637
12145
13234
11896
13003
11428
12035
11746
11531
11226
11496
10689
11442
11507
12399
10497
10544
10771
10344
10283
10640
10928
10679
10182
7795
7542
8272
7995
8067
7762
7823
8130
7811
7716
8071
7652
7585
8000
8411
7813
8313
7881
8057
7764
7636
7691
8011
7640
7730
8018
8685
7869
7896
8133
8901
8403
7879
8400
7886
7587
8248
7741
8173
7808
7668
7875
8142
8438
7857
7630
7969
8238
7986
7594
9061
8461
9170
8194
8090
7625
8911
7656
7810
8119
8136
8209
8338
7829
8116
10006
9075
7781
8492
7970
8249
8224
8447
7927
8171
8216
9947
9411
8032
8716
9005
8383
9324
8658
8818
7841
8386
7977
8748
8500
8175
9704
7464
9883
10026
9931
7871
9848
9280
7844
9033
7584
8655
7982
8647
8953
9845
8147
10041
8991
9401
9345
9758
9775
9690
9311
9984
9964
8817
9161
9629
8288
9630
8947
9855
9671
9914
9944
8862
8938
8063
9138
8811
9853
9086
9260
7833
9791
9813
9414
8560
9709
9657
9374
9946
9172
9198
9449
9841
8315
9541
9651
8352
9183
9912
9201
8578
8651
1166
1201
1411
1266
1164
961
750
677
1210
1078
1774
653
1385
1010
1450
1891
492
101
1975
316
1563
1423
1265
1642
1175
1892
802
1902
1733
328
838
72
1043
1875
2000
2005
1352
1305
7069
7310
5694
7068
6257
7080
6679
6938
5570
6195
6440
7162
7096
6740
6554
5922
6217
6966
7128
6609
5534
5546
7034
6225
5559
6388
6451
6635
6973
6197
5858
7379
7392
5833
7352
7019
6866
7361
6770
7260
6698
6405
7297
7103
7334
7200
6474
6631
7140
6829
7172
7155
6742
5846
6824
4075
4127
4065
3918
3945
3974
3934
4095
4027
4457
4060
4081
3903
3967
4035
5022
4063
3966
3989
4002
4058
4084
4227
4840
4859
4287
4896
4372
4386
4153
4278
4186
4972
4864
4815
4118
5067
4365
4420
4180
5248
4363
4675
4750
4197
4283
4736
4158
5055
4854
3954
5027
4051
4696
3986
4733
4359
5293
4614
4062
4284
5277
4641
4770
4526
5052
5470
4597
4568
4307
5003
4684
5370
4444
5259
4878
4982
5338
4618
5189
5496
5386
5459
5023
2484
2218
2350
2078
2244
2203
2413
3292
2153
2921
2273
2164
2467
2706
2573
2319
2714
2316
2100
2539
2389
2056
2963
2224
2388
2932
2556
3123
2587
2914
3090
2110
3015
2210
2249
2247
3282
3284
2086
2972
2063
2468
2335
2071
3020
2768
2374
2313
3300
2360
2432
2949
2690
2514
2532
3067
3458
3511
3604
3664
1584
1598
1597
5509
7612
7487
7505
13438
271
430
797
1325
1507
1762
1941
1910
2045
2001
2017
2239
2193
2913
2716
2973
3335
3887
3890
4557
5727
6947
6986
7605
7608
7619
7622
7659
7694
7920
7475
7735
7508
7518
7555
7556
7568
7570
7577
7753
8468
7805
12623
13554
13318
13325
13327
13577
13591
13363
13217
13380
13258
13429
13456
13501